coor    36
         1    0.00000E+00    0.00000E+00    0.00000E+00
         2    0.00000E+00    0.20000E+00    0.00000E+00
         3    0.20000E+00    0.00000E+00    0.00000E+00
         4    0.20000E+00    0.20000E+00    0.00000E+00
         5    0.00000E+00    0.40000E+00    0.00000E+00
         6    0.40000E+00    0.00000E+00    0.00000E+00
         7    0.20000E+00    0.40000E+00    0.00000E+00
         8    0.40000E+00    0.20000E+00    0.00000E+00
         9    0.40000E+00    0.40000E+00    0.00000E+00
        10    0.60000E+00    0.00000E+00    0.00000E+00
        11    0.00000E+00    0.60000E+00    0.00000E+00
        12    0.20000E+00    0.60000E+00    0.00000E+00
        13    0.60000E+00    0.20000E+00    0.00000E+00
        14    0.60000E+00    0.40000E+00    0.00000E+00
        15    0.40000E+00    0.60000E+00    0.00000E+00
        16    0.00000E+00    0.80000E+00    0.00000E+00
        17    0.80000E+00    0.00000E+00    0.00000E+00
        18    0.20000E+00    0.80000E+00    0.00000E+00
        19    0.80000E+00    0.20000E+00    0.00000E+00
        20    0.60000E+00    0.60000E+00    0.00000E+00
        21    0.80000E+00    0.40000E+00    0.00000E+00
        22    0.40000E+00    0.80000E+00    0.00000E+00
        23    0.60000E+00    0.80000E+00    0.00000E+00
        24    0.80000E+00    0.60000E+00    0.00000E+00
        25    0.10000E+01    0.00000E+00    0.00000E+00
        26    0.00000E+00    0.10000E+01    0.00000E+00
        27    0.20000E+00    0.10000E+01    0.00000E+00
        28    0.10000E+01    0.20000E+00    0.00000E+00
        29    0.10000E+01    0.40000E+00    0.00000E+00
        30    0.40000E+00    0.10000E+01    0.00000E+00
        31    0.80000E+00    0.80000E+00    0.00000E+00
        32    0.60000E+00    0.10000E+01    0.00000E+00
        33    0.10000E+01    0.60000E+00    0.00000E+00
        34    0.80000E+00    0.10000E+01    0.00000E+00
        35    0.10000E+01    0.80000E+00    0.00000E+00
        36    0.10000E+01    0.10000E+01    0.00000E+00
elem         25
         1         4        16        18        27        26
         2         4        11        12        18        16
         3         4         5         7        12        11
         4         4         2         4         7         5
         5         4         1         3         4         2
         6         4        18        22        30        27
         7         4        12        15        22        18
         8         4         7         9        15        12
         9         4         4         8         9         7
        10         4         3         6         8         4
        11         4        22        23        32        30
        12         4        15        20        23        22
        13         4         9        14        20        15
        14         4         8        13        14         9
        15         4         6        10        13         8
        16         4        23        31        34        32
        17         4        20        24        31        23
        18         4        14        21        24        20
        19         4        13        19        21        14
        20         4        10        17        19        13
        21         4        31        35        36        34
        22         4        24        33        35        31
        23         4        21        29        33        24
        24         4        19        28        29        21
        25         4        17        25        28        19
nosc  2
         1   0.00000E+000   0.00000E+000
         2   0.00000E+000   0.00000E+000
         3  -0.47946E+000  -0.58970E+000
         4  -0.15675E+000  -0.47437E+000
         5   0.00000E+000   0.00000E+000
         6  -0.74312E+000  -0.11439E+001
         7  -0.44869E-001  -0.47946E+000
         8  -0.31454E+000  -0.10891E+001
         9  -0.67137E-001  -0.10893E+001
        10  -0.86417E+000  -0.17133E+001
        11   0.00000E+000   0.00000E+000
        12   0.49399E-001  -0.52819E+000
        13  -0.40545E+000  -0.16932E+001
        14  -0.74129E-001  -0.17166E+001
        15   0.13060E+000  -0.11702E+001
        16   0.00000E+000   0.00000E+000
        17  -0.89981E+000  -0.22403E+001
        18   0.17012E+000  -0.63443E+000
        19  -0.44152E+000  -0.22449E+001
        20   0.22256E+000  -0.18097E+001
        21  -0.60086E-001  -0.22851E+001
        22   0.40816E+000  -0.13420E+001
        23   0.57793E+000  -0.19702E+001
        24   0.29468E+000  -0.23798E+001
        25  -0.90265E+000  -0.27154E+001
        26   0.00000E+000   0.00000E+000
        27   0.58677E+000  -0.92364E+000
        28  -0.44531E+000  -0.27181E+001
        29  -0.35601E-001  -0.27509E+001
        30   0.89627E+000  -0.15664E+001
        31   0.69222E+000  -0.25268E+001
        32   0.10658E+001  -0.21686E+001
        33   0.35385E+000  -0.28485E+001
        34   0.11667E+001  -0.27043E+001
        35   0.77534E+000  -0.30067E+001
        36   0.12451E+001  -0.31882E+001
nvec 
         1   0.00000E+000   0.00000E+000   0.00000E+000
         2   0.00000E+000   0.00000E+000   0.00000E+000
         3  -0.47946E+000  -0.58970E+000   0.00000E+000
         4  -0.15675E+000  -0.47437E+000   0.00000E+000
         5   0.00000E+000   0.00000E+000   0.00000E+000
         6  -0.74312E+000  -0.11439E+001   0.00000E+000
         7  -0.44869E-001  -0.47946E+000   0.00000E+000
         8  -0.31454E+000  -0.10891E+001   0.00000E+000
         9  -0.67137E-001  -0.10893E+001   0.00000E+000
        10  -0.86417E+000  -0.17133E+001   0.00000E+000
        11   0.00000E+000   0.00000E+000   0.00000E+000
        12   0.49399E-001  -0.52819E+000   0.00000E+000
        13  -0.40545E+000  -0.16932E+001   0.00000E+000
        14  -0.74129E-001  -0.17166E+001   0.00000E+000
        15   0.13060E+000  -0.11702E+001   0.00000E+000
        16   0.00000E+000   0.00000E+000   0.00000E+000
        17  -0.89981E+000  -0.22403E+001   0.00000E+000
        18   0.17012E+000  -0.63443E+000   0.00000E+000
        19  -0.44152E+000  -0.22449E+001   0.00000E+000
        20   0.22256E+000  -0.18097E+001   0.00000E+000
        21  -0.60086E-001  -0.22851E+001   0.00000E+000
        22   0.40816E+000  -0.13420E+001   0.00000E+000
        23   0.57793E+000  -0.19702E+001   0.00000E+000
        24   0.29468E+000  -0.23798E+001   0.00000E+000
        25  -0.90265E+000  -0.27154E+001   0.00000E+000
        26   0.00000E+000   0.00000E+000   0.00000E+000
        27   0.58677E+000  -0.92364E+000   0.00000E+000
        28  -0.44531E+000  -0.27181E+001   0.00000E+000
        29  -0.35601E-001  -0.27509E+001   0.00000E+000
        30   0.89627E+000  -0.15664E+001   0.00000E+000
        31   0.69222E+000  -0.25268E+001   0.00000E+000
        32   0.10658E+001  -0.21686E+001   0.00000E+000
        33   0.35385E+000  -0.28485E+001   0.00000E+000
        34   0.11667E+001  -0.27043E+001   0.00000E+000
        35   0.77534E+000  -0.30067E+001   0.00000E+000
        36   0.12451E+001  -0.31882E+001   0.00000E+000
end 
