36  25   1   4  2   2
1   3
1.0  0.3
    1              0              0              0
    2              0            0.2              0
    3            0.2              0              0
    4            0.2            0.2              0
    5              0            0.4              0
    6            0.4              0              0
    7            0.2            0.4              0
    8            0.4            0.2              0
    9            0.4            0.4              0
   10            0.6              0              0
   11              0            0.6              0
   12            0.2            0.6              0
   13            0.6            0.2              0
   14            0.6            0.4              0
   15            0.4            0.6              0
   16              0            0.8              0
   17            0.8              0              0
   18            0.2            0.8              0
   19            0.8            0.2              0
   20            0.6            0.6              0
   21            0.8            0.4              0
   22            0.4            0.8              0
   23            0.6            0.8              0
   24            0.8            0.6              0
   25              1              0              0
   26              0              1              0
   27            0.2              1              0
   28              1            0.2              0
   29              1            0.4              0
   30            0.4              1              0
   31            0.8            0.8              0
   32            0.6              1              0
   33              1            0.6              0
   34            0.8              1              0
   35              1            0.8              0
   36              1              1              0
    1         16        18   27         26   1
    2         11     12     18        16    1 
    3          5     7      12         11    1 
    4          2      4       7         5    1
    5          1      3       4         2    1
    6         18     22      30        27    1
    7         12     15      22        18    1
    8          7     9      15         12    1
    9          4      8       9         7    1
   10          3      6       8         4    1
   11         22     23      32        30    1
   12         15     20      23        22    1
   13          9     14      20        15    1
   14          8      13      14        9    1
   15          6     10      13        8    1
   16         23     31      34        32    1
   17         20     24      31        23    1
   18         14     21      24        20    1
   19         13     19      21        14    1
   20         10     17      19        13    1
   21         31     35      36        34    1
   22         24     33      35        31    1
   23         21     29      33        24    1
   24         19     28      29        21    1
   25         17     25      28        19    1
1         1  1
2         1  1 
5        1  1  
11       1  1  
16       1  1  
26        1  1
0        0   0
27       0.0     -0.20
30       0.0     -0.20
32       0.0     -0.20
34       0.0     -0.20
36       0.0     -0.10
    0     0.0      0.0